22.25
22.25
25
25
26.25
26.25
29.5
29.5
22.75
22.75
25.25
25.25
19.75
19.75
25
25
13.25
13.25
23.5
23.5
27.75
27.75
19.25
19.25
15.5
15.5
22
22
19.75
19.75
21.5
21.5
24.5
24.5
12.75
12.75
14.25
14.25
12.75
12.75
11.75
11.75
20
20
18.25
18.25
23.5
23.5
27
27
23.75
23.75
18.5
18.5
28
28
18.5
18.5
28
28
25
25
26.5
26.5
22.25
22.25
22.75
22.75
17.5
17.5
21.5
21.5
28
28
26.5
26.5
25
25
25.25
25.25
25
25
16
16
17.5
17.5
14.25
14.25
15.5
15.5
19.75
19.75
18.75
18.75
25
25
18.25
18.25
20.5
20.5
23.5
23.5
22.5
22.5
22
22
20
20
24.25
24.25
29.5
29.5
26
26
28.5
28.5
29.5
29.5
27.75
27.75
19.5
19.5
26
26
17.25
17.25
22.75
22.75
23.25
23.25
18.25
18.25
23.5
23.5
30
30
27.75
27.75
21.5
21.5
20.5
20.5
25
25
23.75
23.75
29.75
29.75
29
29
25.75
25.75
19
19
25.75
25.75
22.25
22.25
14.25
14.25
21.75
21.75
27
27
21.5
21.5
18
18
25.5
25.5
21
21
22.5
22.5
24.5
24.5
29.75
29.75
26.75
26.75
23.25
23.25
24.5
24.5
21.75
21.75
25.25
25.25
21
21
28.25
28.25
28.75
28.75
26
26
21.5
21.5
25.75
25.75
